157
271
587
697
739
319
901
367
717
447
289
335
627
455
577
885
13
589
389
137
831
83
485
639
437
673
245
29
383
961
959
309
445
843
357
921
775
445
725
61
367
569
661
345
395
103
121
319
181
719
955
67
815
333
699
579
269
989
723
277
231
865
19
825
605
77
13
1
641
577
813
369
921
521
17
373
161
335
181
531
137
135
329
783
493
159
433
7
355
377
413
41
595
361
827
811
145
357
559
955
153
779
563
947
455
885
89
713
251
643
623
501
637
263
165
711
175
155
303
881
821
255
67
989
285
305
595
363
353
663
725
221
877
315
899
797
579
407
85
923
925
769
135
541
451
595
127
979
831
59
37
165
483
509
611
959
459
775
185
99
847
697
919
687
453
571
487
829
217
759
501
421
891
41
761
519
229
299
201
501
539
647
927
819
359
197
833
447
117
467
3
911
929
399
431
893
431
477
53
529
167
123
579
321
879
851
667
365
645
709
277
695
957
369
273
11
541
15
927
569
323
397
185
625
111
851
159
367
203
977
451
881
943
347
393
91
69
747
811
279
155
905
117
405
411
539
505
65
363
49
129
557
527
15
315
97
47
811
315
669
345
719
353
819
151
297
67
655
825
19
83
7
579
187
987
439
387
89
873
401
899
75
455
511
457
717
329
457
897
717
797
481
775
977
951
193
635
61
725
649
113
613
857
31
245
885
205
669
977
387
627
37
495
971
9
415
201
355
171
231
407
903
113
697
555
929
111
503
161
51
625
363
105
839
565
27
47
393
911
615
429
505
5
117
429
825
911
417
953
759
97
517
93
437
517
377
81
999
659
837
577
445
827
529
111
541
389
909
507
337
809
651
435
993
117
97
967
685
67
705
493
61
541
781
635
449
217
665
231
615
681
419
259
871
515
329
389
487
687
187
857
367
639
905
525
291
325
163
757
385
117
193
159
15
483
853
121
827
885
317
605
683
567
955
355
387
639
939
505
335
687
29
481
267
303
141
701
933
409
551
891
777
461
789
913
653
551
385
909
123
699
997
971
619
239
623
91
251
641
123
419
637
83
937
91
575
31
667
509
355
369
491
869
287
219
827
645
381
551
373
99
861
713
175
107
913
13
345
621
623
623
139
733
101
119
79
363
125
831
73
109
105
641
927
209
637
879
255
767
577
781
969
313
283
509
909
899
203
479
881
967
543
329
133
117
597
273
159
273
709
1
151
421
35
927
339
295
537
235
803
635
721
575
547
217
123
665
705
937
853
817
259
939
713
931
181
907
763
355
951
405
949
621
649
757
805
387
781
23
7
893
193
515
585
473
743
709
1
447
229
741
489
707
659
261
429
755
155
299
805
769
49
497
503
605
599
313
191
395
189
185
239
81
637
291
943
611
77
963
277
947
127
859
273
765
659
299
3
71
659
841
177
667
141
441
665
251
39
953
211
799
395
85
363
49
765
125
53
877
115
557
587
505
579
583
645
901
131
37
289
237
219
101
673
465
543
567
147
871
275
739
915
155
853
1
687
703
9
989
585
907
829
355
19
169
665
879
689
367
791
233
601
371
963
77
221
409
845
113
25
693
629
711
21
899
203
437
613
343
789
799
443
43
981
827
243
813
173
965
397
917
647
453
275
995
525
939
969
177
837
81
545
661
389
731
269
963
251
581
977
475
329
245
707
7
871
757
361
613
161
569
617
809
833
807
575
139
249
589
141
745
709
761
111
559
39
485
301
9
551
367
951
175
629
553
613
733
29
995
779
559
985
483
105
283
523
711
965
427
53
79
301
289
317
145
161
927
467
13
247
377
775
535
323
179
981
29
29
491
777
371
561
889
209
499
341
595
745
735
341
765
279
813
267
807
467
437
233
125
739
771
485
667
415
987
145
749
727
677
739
249
733
11
91
701
729
521
173
583
965
353
525
407
559
741
639
325
189
59
815
151
695
49
123
689
127
517
703
757
127
327
597
919
171
787
207
809
5
971
59
29
927
785
207
595
291
257
779
151
169
331
141
469
391
679
913
707
481
219
975
85
495
429
377
621
631
555
783
915
849
541
759
91
433
363
319
637
443
227
97
663
43
479
233
425
975
795
923
259
475
199
349
559
309
9
377
927
283
83
153
901
781
629
283
791
473
459
547
449
615
903
291
789
889
425
731
193
147
53
949
255
723
257
107
253
623
793
667
769
595
573
325
631
647
467
349
341
577
483
865
307
711
977
799
143
187
125
989
193
389
293
33
351
837
795
611
183
891
189
739
647
583
841
303
49
197
695
941
83
695
333
927
243
217
389
777
999
409
489
239
401
669
11
75
427
17
227
41
711
155
353
537
691
619
841
761
667
229
909
361
701
963
397
897
715
969
21
573
965
639
959
521
881
231
633
45
449
33
863
361
867
273
585
329
159
821
615
489
127
97
927
397
529
435
991
941
263
729
149
763
567
127
465
923
325
553
457
669
957
161
611
1
507
543
945
309
479
489
311
537
957
981
381
619
789
163
103
63
67
163
801
585
599
485
767
113
627
605
873
881
347
307
481
747
967
373
767
677
103
975
79
193
281
435
29
405
35
605
831
817
867
125
343
607
973
859
285
249
999
185
961
885
407
347
851
317
635
915
75
777
887
927
167
123
175
593
501
305
427
21
427
319
95
561
427
479
749
3
555
905
171
113
579
757
209
351
157
711
679
159
853
259
263
447
273
913
509
87
349
577
473
301
585
815
189
683
855
125
177
789
411
887
825
589
435
277
117
39
9
515
145
841
693
75
831
979
391
71
611
561
427
681
307
699
183
687
955
671
51
417
971
849
483
865
445
89
63
627
705
681
567
553
111
481
97
583
379
965
121
661
907
247
369
843
885
345
735
695
355
779
357
555
439
441
393
211
523
375
535
53
247
927
57
285
403
629
593
569
243
447
275
185
51
909
59
715
391
365
361
955
315
229
15
401
499
961
743
395
107
151
601
515
959
117
783
103
83
679
819
925
343
649
167
435
991
361
925
841
675
303
89
777
763
717
667
709
729
77
119
843
3
413
313
397
577
411
747
109
901
461
501
237
25
685
901
637
651
13
891
477
215
963
663
359
145
783
693
91
423
455
915
505
571
895
405
67
139
803
293
837
499
239
751
469
965
331
687
45
67
321
895
111
27
47
603
599
55
597
195
437
289
57
83
877
535
637
317
81
25
701
161
553
735
745
381
473
565
35
485
707
417
947
379
107
825
101
139
199
129
277
427
207
487
955
333
417
685
463
275
137
423
535
999
71
967
495
681
811
927
503
155
709
535
561
849
935
337
353
367
869
831
127
487
725
13
745
549
497
687
37
135
375
193
755
125
499
429
499
283
571
71
609
267
83
851
979
319
503
433
867
15
777
901
283
967
703
159
299
559
707
989
421
849
75
77
875
489
907
445
701
295
285
323
607
323
627
487
321
681
621
377
433
637
861
225
507
67
769
203
241
641
33
73
885
745
547
279
815
467
425
687
747
311
825
987
739
899
513
93
829
569
663
939
959
941
975
777
739
371
667
769
113
971
51
703
705
783
999
247
463
997
761
651
707
417
49
441
565
765
763
767
803
273
947
53
275
609
365
441
199
37
227
27
611
637
609
201
945
605
461
421
587
549
237
757
437
291
423
5
969
431
827
337
939
597
107
539
843
457
869
73
947
183
993
595
663
351
483
489
523
35
141
769
733
553
195
485
121
883
269
325
53
945
445
189
255
885
839
127
731
577
99
887
935
707
433
825
509
361
65
989
217
931
133
761
181
329
187
955
445
383
139
339
475
783
51
639
993
683
461
363
317
29
65
875
201
43
629
63
321
887
53
781
551
989
265
995
591
381
993
985
303
479
621
203
371
165
79
609
573
163
273
601
597
501
217
305
737
613
223
591
365
925
579
643
449
801
731
13
695
681
937
467
851
93
589
727
851
863
753
869
443
809
693
327
811
87
823
69
985
785
497
535
491
255
381
903
267
369
309
865
835
823
287
617
961
27
275
469
563
479
165
863
925
965
785
947
277
943
805
557
333
237
11
263
267
579
531
147
569
35
149
885
651
411
877
605
133
897
395
239
199
667
833
141
159
991
653
113
741
267
367
365
79
171
395
459
717
177
765
547
105
245
587
489
829
327
367
977
799
343
379
691
783
33
341
819
599
185
721
91
579
507
391
823
179
335
291
717
545
689
691
313
663
803
289
465
505
63
185
593
763
143
731
263
677
385
677
757
387
161
135
357
775
949
969
493
749
141
337
919
675
503
263
325
703
177
713
667
157
215
27
889
719
181
25
199
423
961
35
713
265
281
605
309
961
767
201
325
139
83
545
887
921
713
559
421
429
147
913
401
815
253
105
961
143
261
921
999
125
897
423
351
915
605
427
961
953
893
831
167
547
495
485
591
277
615
301
7
479
53
643
383
783
79
953
843
517
377
61
365
321
445
263
241
139
101
293
923
47
175
589
763
99
483
607
171
473
759
13
555
345
637
137
47
395
883
301
845
69
201
929
843
513
887
897
127
491
273
683
959
247
15
111
509
189
379
351
623
125
705
437
975
669
621
491
493
855
261
517
501
155
75
707
381
787
621
799
201
797
391
869
245
317
967
985
699
727
247
705
699
171
21
185
729
77
389
337
135
61
167
711
125
749
929
3
445
293
435
153
171
991
37
233
851
729
589
269
557
529
395
357
157
529
563
229
315
611
887
845
455
783
227
963
781
789
359
399
973
933
293
713
685
909
663
85
761
465
627
495
765
811
909
869
473
49
649
289
537
533
505
133
727
45
385
863
261
299
815
9
593
165
225
871
603
159
309
909
275
785
751
383
567
331
413
947
977
549
393
601
517
705
275
203
81
505
419
909
87
369
175
719
207
171
919
587
283
441
193
663
643
147
405
297
507
515
417
507
983
647
779
153
487
571
725
843
219
163
763
585
431
531
571
523
849
461
961
579
913
825
743
569
289
929
335
403
507
949
713
517
491
649
771
981
7
741
327
419
927
821
847
887
951
561
203
429
967
549
53
517
841
493
803
575
383
893
19
743
141
33
997
681
113
241
5
893
371
303
547
661
677
691
759
467
159
185
315
517
517
447
263
697
487
333
873
57
889
741
973
49
863
115
637
21
939
493
179
165
157
643
433
17
413
71
471
291
973
345
709
33
623
701
645
195
45
597
551
93
227
917
537
271
47
617
193
385
117
505
737
329
955
945
707
625
587
435
431
163
777
377
897
283
87
193
49
325
221
391
549
563
179
461
563
513
999
403
645
47
651
689
225
373
217
139
467
553
167
807
145
407
129
879
385
27
409
665
651
321
431
769
683
349
829
359
477
731
177
745
803
335
721
19
813
401
351
523
683
289
355
1
753
625
913
403
481
319
187
289
193
833
231
655
497
667
125
735
705
153
909
29
821
933
275
107
841
417
703
939
545
261
509
611
733
461
469
971
831
545
443
51
869
509
83
355
899
409
293
91
17
641
343
23
821
275
245
141
671
425
943
251
409
857
947
263
593
117
341
185
349
399
37
123
869
443
957
601
499
275
721
253
593
703
607
921
245
255
237
973
849
131
515
617
983
473
13
105
981
997
841
729
997
931
811
5
209
927
109
553
215
807
379
103
979
753
85
299
105
303
489
499
657
817
285
199
165
217
729
649
125
943
617
101
645
785
261
657
485
379
747
387
839
47
199
763
783
329
145
639
917
455
737
407
359
31
649
311
117
589
391
829
457
185
717
985
725
469
87
9
215
919
397
837
337
459
429
247
761
449
659
991
225
921
81
445
69
617
161
733
593
213
511
623
587
577
105
949
619
381
207
847
709
291
359
429
771
145
659
273
703
283
37
453
733
143
191
921
295
377
581
677
183
563
777
757
615
423
1
761
31
329
475
277
409
519
105
887
157
249
755
257
833
703
159
611
579
471
617
665
963
869
415
685
41
809
825
875
665
977
23
603
931
499
201
979
649
107
985
17
935
541
25
719
635
673
995
485
41
355
577
669
755
807
773
223
181
161
891
339
77
899
45
39
143
997
19
773
879
529
995
489
549
51
37
777
53
751
361
505
781
763
367
7
517
741
35
467
681
443
715
583
503
29
981
457
383
381
357
45
407
661
767
401
527
399
457
81
155
829
39
279
717
839
997
511
297
451
73
549
449
535
361
17
355
329
27
331
593
51
987
257
439
253
503
777
617
115
167
59
989
87
363
503
523
261
389
947
479
253
93
253
217
489
243
867
359
979
863
669
329
427
981
711
595
133
421
33
901
857
917
491
615
669
97
73
317
455
903
201
475
939
63
743
51
969
45
171
453
19
565
515
551
985
127
961
7
67
701
363
45
321
809
605
487
643
923
795
119
969
373
457
103
521
223
571
569
89
531
27
51
181
327
553
779
347
173
707
929
117
549
819
121
273
51
975
871
717
863
653
735
155
755
691
727
139
449
907
721
403
837
563
473
527
917
237
123
149
305
641
339
905
711
961
323
611
117
187
183
455
185
265
861
129
473
919
179
471
231
457
477
755
711
339
461
627
891
189
289
307
839
357
475
569
467
603
747
147
407
759
251
949
397
515
163
291
393
863
91
399
445
403
745
237
301
141
539
523
837
677
743
965
567
905
825
253
97
323
441
57
949
827
177
629
679
61
659
579
555
933
383
945
21
351
737
415
249
107
525
459
633
991
419
767
265
3
21
603
759
239
985
21
469
703
797
191
321
361
693
385
29
383
7
781
677
271
725
875
769
693
311
401
289
487
547
407
683
407
269
481
305
333
581
125
553
219
119
845
457
19
933
207
429
729
147
763
323
707
965
649
839
971
87
45
647
753
217
327
453
421
287
279
747
457
899
461
225
709
993
121
171
109
545
983
827
269
781
765
693
749
649
105
139
805
367
463
525
817
261
651
129
947
409
9
559
463
359
183
17
39
483
823
645
849
897
775
893
431
685
159
425
687
141
365
711
989
919
209
837
837
535
983
81
847
953
925
747
381
743
651
399
139
37
273
985
761
449
807
249
145
317
961
547
481
803
609
185
85
709
785
505
999
85
123
541
767
861
497
445
361
623
333
321
321
333
3
67
873
619
471
995
235
193
391
705
403
55
601
555
771
117
823
327
651
295
63
971
469
181
909
233
789
117
983
195
13
513
265
607
455
995
667
61
121
251
623
189
965
805
197
923
401
877
37
801
625
975
821
189
857
639
371
507
93
237
281
313
711
465
719
75
65
775
677
403
15
257
211
625
413
179
477
523
829
345
207
799
753
429
195
173
615
225
9
393
71
683
589
95
849
649
353
351
693
815
735
589
985
979
483
373
221
619
355
593
231
781
631
919
921
41
63
937
581
153
837
17
891
571
369
101
435
847
609
149
161
965
449
769
201
721
461
575
825
737
353
343
23
429
731
45
189
777
523
13
775
273
667
841
697
49
811
9
297
605
731
787
381
511
79
325
813
881
77
877
715
419
215
743
7
355
107
587
179
843
105
385
69
721
189
855
299
999
277
279
179
799
533
779
315
239
631
621
289
289
373
327
123
757
135
575
423
27
581
539
241
771
361
961
11
475
107
501
121
139
773
481
35
643
661
653
983
41
979
867
707
107
997
301
151
813
549
707
497
133
531
779
695
395
33
415
75
847
581
9
741
147
821
795
879
107
421
235
209
815
59
923
663
679
41
711
869
999
599
41
35
539
23
765
127
235
313
259
625
817
627
499
471
529
767
5
511
761
257
427
501
775
375
403
83
357
935
233
147
509
95
669
665
383
195
133
827
183
83
741
531
953
385
207
107
331
5
921
51
485
519
523
399
919
881
119
287
579
131
203
491
153
347
979
467
441
533
857
325
719
573
303
599
179
667
891
371
713
909
379
195
397
875
987
505
785
51
21
807
111
889
529
637
679
229
881
521
635
493
659
59
761
387
919
913
619
219
229
187
953
579
471
341
379
647
19
23
843
639
353
771
125
241
519
87
695
369
839
707
389
731
213
705
247
915
627
389
931
25
11
325
279
39
787
391
389
561
361
351
235
355
37
939
939
19
161
943
271
943
257
755
699
387
387
89
437
251
501
307
295
17
227
89
241
255
71
731
865
567
69
637
233
587
393
47
887
811
461
841
157
505
567
597
807
433
97
747
409
909
77
155
881
743
161
5
49
135
127
483
267
661
965
295
39
381
451
841
279
569
943
559
679
855
441
945
403
203
529
449
363
953
461
77
315
195
543
493
543
403
901
727
281
55
789
271
189
653
611
117
741
969
357
503
701
999
133
21
927
533
407
533
787
41
25
909
33
95
383
563
405
107
547
321
379
365
611
501
405
63
561
591
673
783
769
997
363
371
921
69
167
773
427
89
261
11
71
251
587
797
929
789
803
21
519
877
381
183
59
291
63
361
833
665
567
445
895
745
219
849
11
587
387
351
597
427
303
607
819
211
115
805
237
307
345
35
919
155
647
257
689
619
997
691
647
671
345
903
185
415
985
405
557
159
489
517
737
335
511
623
561
961
501
685
9
345
845
911
753
141
433
635
905
203
931
661
595
437
783
847
471
415
443
93
121
583
617
143
571
233
997
449
39
785
205
499
969
725
731
435
201
777
293
181
7
197
171
819
387
15
129
589
83
791
611
159
437
383
353
719
357
205
855
967
325
59
869
573
593
829
927
371
475
435
411
47
659
727
297
965
189
51
579
861
7
463
541
635
475
409
403
65
333
11
277
785
583
455
635
131
397
611
521
853
469
819
203
809
607
407
755
927
315
295
585
699
791
171
863
7
337
753
771
223
79
675
869
391
25
447
511
263
939
555
879
163
523
779
323
753
449
3
575
463
421
379
149
449
833
215
415
47
785
105
501
279
259
3
967
435
411
409
901
37
583
989
805
949
877
237
829
109
147
153
413
613
605
413
931
137
663
543
839
499
437
669
753
431
93
231
379
85
113
513
191
891
947
499
577
163
853
117
881
275
367
135
493
271
297
493
919
43
117
747
107
281
457
761
549
989
689
575
155
91
21
813
199
721
575
363
463
85
793
933
791
863
825
279
949
179
273
775
149
593
985
125
611
725
415
713
183
509
885
621
503
481
717
419
425
649
971
231
707
455
631
523
285
663
313
767
337
949
279
881
571
367
223
991
27
215
331
561
565
899
407
539
175
769
17
97
363
841
135
845
289
205
851
403
555
719
457
901
17
957
505
767
499
713
909
861
105
379
455
221
477
561
849
675
129
499
493
227
883
937
89
185
693
561
39
385
607
407
727
651
493
155
63
915
839
993
523
999
859
477
275
971
481
325
867
337
89
959
57
787
183
527
101
581
183
397
447
275
717
619
945
501
681
531
151
955
71
189
67
931
367
387
925
413
757
973
467
577
203
525
735
179
287
265
741
981
729
189
695
625
537
423
675
851
597
513
689
435
205
967
621
605
281
767
885
455
151
417
45
275
401
645
649
713
513
413
61
271
729
419
71
171
795
467
731
299
595
929
573
945
613
55
943
559
383
21
369
509
545
993
931
731
121
319
929
805
227
249
261
633
973
425
469
201
833
779
905
905
89
907
189
591
871
313
607
881
739
97
857
889
63
325
831
521
143
939
755
163
413
435
737
345
487
601
69
243
899
527
937
233
15
825
151
917
547
981
775
807
557
189
955
539
445
25
117
493
393
177
597
359
587
789
225
661
967
279
93
9
89
701
365
929
785
221
67
645
315
539
15
685
275
431
491
583
283
499
561
745
515
143
287
619
689
707
555
719
139
845
633
253
873
677
5
207
43
451
291
359
431
343
289
547
161
733
81
437
207
63
849
565
287
595
295
533
73
243
189
989
687
705
851
41
219
199
323
747
593
847
879
893
545
895
87
601
951
691
55
965
819
577
261
371
883
513
437
779
457
505
953
619
291
985
933
409
293
955
543
733
263
197
841
301
595
559
713
165
281
655
579
849
489
865
307
447
403
649
99
619
393
399
557
665
55
635
841
985
27
519
657
457
297
365
907
29
449
543
701
697
187
971
725
977
631
781
993
521
189
333
353
863
739
291
861
539
353
377
779
975
513
969
983
905
221
485
129
489
845
973
497
203
149
477
397
39
349
837
351
629
33
805
329
173
291
563
21
557
587
549
693
367
895
341
945
353
599
261
441
99
693
135
901
699
241
271
473
659
175
793
413
673
593
321
49
29
449
801
289
423
955
793
545
965
677
725
337
671
635
17
719
335
751
533
235
125
457
877
475
89
543
913
547
939
807
133
321
429
923
331
15
17
957
543
967
371
229
759
271
211
423
673
59
729
393
97
225
213
839
59
83
685
509
73
527
589
475
977
799
793
507
437
523
791
645
349
519
49
889
631
903
267
757
835
505
661
787
321
717
531
547
457
505
335
641
201
791
785
927
289
511
761
101
471
471
439
267
987
189
97
109
635
675
125
103
411
207
373
811
923
663
211
579
709
257
463
387
389
765
443
171
479
501
801
203
557
301
427
169
433
943
515
897
537
425
25
737
785
223
665
649
479
785
833
883
459
927
639
659
905
485
51
881
265
823
311
465
547
313
897
999
85
401
407
707
713
699
875
197
369
623
271
873
123
891
425
779
209
581
447
683
967
409
193
821
495
995
493
743
363
731
819
143
303
739
941
119
597
807
187
455
773
747
37
91
759
391
455
997
431
801
537
549
967
923
299
255
637
209
469
691
493
975
937
377
141
101
937
819
517
557
77
701
97
727
717
705
333
233
223
431
553
423
345
143
341
887
99
119
293
633
327
615
517
397
819
631
135
573
745
403
579
891
213
71
17
979
337
401
809
431
639
669
993
29
833
931
579
187
355
709
233
583
535
967
851
437
541
639
499
385
527
19
749
823
213
839
639
189
571
119
675
321
847
197
177
141
595
655
975
335
381
129
139
533
713
145
335
659
433
39
657
407
655
969
907
71
577
489
457
707
75
995
995
851
539
659
53
787
461
593
953
925
655
961
299
363
159
717
51
117
711
643
803
961
505
289
365
863
941
941
579
347
375
139
355
867
327
971
851
3
223
413
323
459
589
337
629
171
103
975
819
495
983
643
979
965
459
717
329
905
171
311
669
711
241
185
137
515
631
997
481
829
823
217
121
761
695
919
725
73
551
275
143
827
569
619
359
657
201
345
115
449
467
357
275
645
895
15
385
581
821
945
517
557
961
475
181
773
355
819
157
267
441
281
125
541
829
619
855
523
823
597
283
943
995
345
45
979
885
395
855
165
321
9
