826
344
84
964
836
920
528
144
154
514
114
432
788
894
692
468
930
560
632
146
354
52
24
170
470
28
198
630
820
782
576
330
532
158
174
510
132
310
526
656
680
70
104
516
192
668
420
418
212
376
146
450
780
982
630
146
306
12
240
298
474
804
170
562
614
450
780
194
710
670
320
950
292
20
96
812
728
632
368
822
996
618
194
774
948
210
872
624
492
112
196
76
258
326
172
886
318
926
344
866
500
574
56
362
134
748
24
70
352
492
234
980
986
972
226
88
164
954
602
570
466
56
166
502
170
882
44
678
322
16
98
26
92
630
208
632
220
688
904
962
826
504
762
932
310
448
704
864
576
478
94
604
264
500
776
498
384
314
450
242
148
40
320
834
314
568
966
70
130
808
396
722
14
704
786
406
562
886
718
230
870
208
134
554
596
708
858
52
140
722
792
108
780
774
924
384
124
636
130
674
526
770
712
10
848
846
796
798
696
664
240
440
402
70
456
508
788
90
656
502
608
594
840
446
560
130
424
360
952
100
216
666
152
338
418
836
286
90
366
184
764
576
754
572
578
968
828
820
84
910
994
428
568
620
272
764
872
400
972
536
110
934
776
928
358
396
58
200
214
178
966
908
656
682
12
164
876
538
68
614
340
498
994
44
916
4
312
472
428
290
986
74
182
124
784
392
426
72
680
802
698
734
460
138
964
884
524
224
974
688
828
116
220
140
286
520
664
10
98
40
730
464
892
854
672
724
640
448
674
384
278
720
872
534
984
264
98
790
722
572
474
330
570
418
560
684
546
6
966
798
66
256
92
738
556
792
992
214
524
464
248
38
954
566
406
122
990
12
208
866
154
978
144
714
58
104
430
54
678
568
968
76
332
530
720
586
232
956
164
832
682
824
48
980
366
580
442
92
472
326
730
112
174
2
204
108
70
150
312
818
960
364
810
476
152
658
906
382
118
12
710
992
428
1000
536
2
458
128
412
764
46
188
634
704
368
180
596
996
310
666
600
768
568
120
276
738
366
252
664
350
758
578
544
592
608
710
114
846
76
346
684
10
558
978
276
982
604
32
138
754
90
926
284
28
352
486
730
364
182
732
112
866
194
966
284
738
880
88
282
60
706
248
956
556
156
732
752
172
656
582
986
722
104
994
552
998
44
416
360
82
922
496
652
40
530
982
364
192
446
788
374
994
818
172
836
934
342
724
206
608
586
956
604
636
120
6
650
682
122
234
782
804
502
242
920
434
876
100
474
252
704
634
622
730
546
682
556
770
878
470
658
476
76
302
290
890
122
446
838
28
148
376
618
496
736
964
300
646
594
244
606
408
468
304
476
232
680
436
620
304
344
54
168
922
976
692
380
968
854
326
426
120
658
304
8
308
610
772
546
828
604
78
362
102
172
354
710
158
116
566
124
574
938
2
974
918
832
608
608
578
452
10
8
970
544
438
240
826
896
176
234
176
770
230
26
520
744
196
680
862
732
166
12
598
350
636
220
190
588
718
784
378
696
464
528
238
946
360
558
998
266
976
480
764
140
672
672
156
86
626
918
880
378
246
814
870
118
94
358
62
164
104
174
244
620
400
114
672
542
610
470
872
484
100
574
464
622
876
790
52
912
1000
542
108
56
676
570
408
794
966
148
684
822
168
422
82
694
216
702
976
96
728
380
534
114
338
712
608
108
996
438
950
656
672
620
58
390
862
214
982
168
668
872
592
684
502
906
650
152
804
310
554
910
922
664
248
152
448
518
336
226
834
48
858
88
16
440
982
428
306
638
114
814
134
680
384
754
196
542
490
88
980
674
118
798
872
550
610
322
462
774
760
992
66
940
902
180
678
86
404
12
650
888
422
392
66
858
956
594
804
592
512
862
622
466
224
232
500
596
992
680
270
398
688
520
892
506
758
968
576
748
366
222
660
356
32
172
446
886
272
852
4
64
684
236
986
30
534
66
616
584
624
950
862
12
884
998
628
660
110
946
66
270
898
898
270
458
622
998
520
172
222
190
258
214
830
244
796
722
678
894
214
634
524
662
766
426
824
146
874
920
668
738
118
342
390
734
268
724
758
920
106
910
734
274
872
432
422
68
472
732
116
138
710
482
452
506
976
234
66
980
926
452
52
374
108
524
778
318
334
774
954
108
320
572
502
650
364
358
18
876
228
992
118
484
250
336
994
618
314
434
468
240
4
778
702
122
960
190
744
358
970
742
786
208
414
438
818
554
266
856
418
420
132
392
770
740
70
692
582
826
426
346
810
580
318
302
88
810
106
810
6
124
264
776
4
238
792
146
722
862
554
484
282
562
630
504
630
368
1000
914
956
664
100
926
818
906
862
814
546
556
320
310
718
448
454
598
860
296
592
872
896
182
708
190
462
342
462
332
402
232
826
600
294
830
898
586
586
332
498
904
614
612
524
86
936
448
744
752
986
806
488
66
418
634
972
584
672
468
950
204
364
414
774
230
896
502
952
744
614
152
110
22
20
700
360
408
642
84
942
762
128
706
702
224
448
320
106
308
106
254
446
612
760
1000
714
430
830
870
116
202
356
368
812
172
148
194
34
92
26
186
268
698
866
642
572
574
566
164
552
478
792
60
110
62
842
160
932
862
418
20
690
578
64
424
228
424
100
30
504
570
582
452
732
304
84
708
380
192
918
750
756
716
158
440
126
394
668
960
72
694
868
182
874
598
186
46
920
282
260
978
726
14
678
54
562
54
914
390
534
586
172
386
512
192
712
214
930
790
522
988
96
250
470
622
866
366
856
664
708
500
498
448
196
472
640
490
678
964
762
932
746
908
332
838
528
600
172
690
248
138
286
416
568
686
886
134
448
522
358
366
556
372
754
834
164
512
60
80
316
268
356
56
784
152
712
640
274
28
622
134
640
630
114
438
770
4
672
34
804
564
842
684
512
10
556
910
88
242
242
722
218
330
186
936
468
580
990
804
54
238
60
446
168
940
570
26
34
380
856
444
332
948
934
736
326
760
664
32
336
370
898
242
368
96
346
110
36
746
22
4
494
248
592
178
942
872
166
700
770
436
300
728
826
854
276
468
930
40
686
230
780
386
774
182
252
174
304
612
584
732
258
250
732
408
592
290
398
6
236
274
446
226
630
164
156
628
558
954
594
716
400
906
546
2
374
468
260
282
714
874
208
102
462
564
60
674
326
146
264
30
466
982
724
274
948
306
404
618
76
564
226
2
232
638
410
220
862
566
532
814
382
528
384
632
848
388
948
876
598
992
352
814
870
280
636
938
974
650
954
986
870
500
484
176
662
588
404
220
56
2
338
614
298
484
440
810
682
890
302
370
462
922
344
498
180
772
36
664
220
754
362
618
544
2
810
52
654
712
648
534
216
434
330
308
144
988
150
164
254
18
372
144
60
904
428
208
718
610
236
960
702
218
212
228
762
872
660
114
880
142
242
618
388
220
566
180
610
476
514
684
228
570
858
576
430
484
396
928
308
138
954
952
794
474
996
522
728
936
110
816
460
468
60
620
506
606
290
896
884
578
302
610
556
484
184
108
518
288
112
818
506
410
224
612
224
878
384
160
834
500
250
96
24
312
894
762
902
18
72
592
916
674
654
738
26
526
816
684
760
10
438
654
522
546
66
772
642
882
74
802
818
730
718
440
658
584
128
862
24
870
918
946
628
790
728
336
776
796
582
960
982
174
584
840
578
978
58
728
572
788
650
194
864
966
406
408
598
944
236
564
970
592
354
12
258
138
774
964
482
414
234
134
36
436
328
946
4
424
24
248
628
898
602
374
756
382
416
992
490
218
874
592
656
838
634
2
726
654
978
538
702
488
562
956
410
512
890
844
696
932
906
126
2
446
350
662
298
80
484
418
374
990
486
576
450
296
942
870
140
568
978
324
564
876
998
978
212
588
32
836
64
728
696
222
610
56
268
230
412
214
432
550
662
290
634
864
126
770
572
704
814
312
402
298
450
98
924
440
896
852
434
4
54
622
252
314
754
986
10
700
500
608
430
984
634
964
474
742
350
908
416
900
184
314
280
746
256
426
374
194
712
346
314
880
486
704
850
672
14
662
936
962
262
102
458
644
286
62
520
564
654
924
494
108
680
344
382
198
498
476
782
350
652
858
52
254
34
116
20
968
10
532
112
608
408
728
834
912
220
796
10
512
296
202
612
128
48
534
658
940
886
750
394
912
476
640
788
506
762
550
910
412
442
482
590
566
834
582
834
238
766
178
96
582
408
494
414
642
614
682
312
392
326
262
356
44
896
746
160
254
598
912
268
666
94
84
508
388
774
998
216
326
74
498
680
812
716
214
232
898
346
614
856
816
744
686
618
190
504
458
276
868
866
114
834
142
926
780
58
238
456
360
580
804
160
718
272
434
800
92
310
208
194
662
118
748
858
36
330
330
836
98
208
650
148
446
60
446
860
734
260
676
390
150
264
456
596
392
670
478
222
486
434
202
352
150
582
630
500
224
428
308
492
836
952
382
932
586
756
106
642
332
898
376
254
172
12
702
290
724
398
210
100
816
284
548
592
646
404
674
324
368
670
76
200
320
316
194
764
478
756
72
542
766
178
178
782
310
210
680
550
790
342
816
894
814
220
498
802
182
190
346
364
870
72
508
26
544
742
714
256
20
536
590
196
234
756
370
954
144
970
112
990
688
318
488
950
668
682
382
290
38
476
912
466
8
434
716
876
940
166
132
506
54
662
642
200
380
546
300
174
108
54
28
218
64
934
928
518
990
270
112
542
552
824
302
476
156
892
216
796
446
548
906
24
56
54
782
574
212
562
762
666
948
106
580
192
84
90
8
184
454
244
284
284
822
474
586
532
796
346
892
624
256
66
448
922
760
54
934
506
820
474
416
174
520
624
594
960
10
38
276
622
580
782
942
386
712
506
278
862
686
60
176
290
786
824
932
826
640
810
944
362
744
24
610
698
546
188
882
884
446
710
86
832
996
618
210
446
162
942
784
490
434
636
686
856
754
514
54
752
490
936
822
126
790
56
490
822
146
376
630
822
212
646
232
808
208
450
860
900
1000
180
60
764
600
88
740
516
862
236
600
514
128
980
356
60
634
842
568
790
6
582
230
650
928
662
30
394
656
162
368
440
994
36
854
306
990
182
416
968
626
604
570
372
392
980
202
906
858
640
662
306
370
330
84
6
442
260
254
830
498
956
980
316
76
982
692
598
570
272
780
506
984
38
492
490
480
942
324
150
496
988
634
8
870
98
364
140
946
136
88
612
702
796
64
634
324
196
30
870
632
128
512
874
372
114
796
318
438
964
218
414
98
540
808
568
730
168
306
180
378
692
858
812
730
494
692
884
384
324
388
184
500
990
194
624
478
778
350
18
328
342
518
52
988
954
514
394
860
582
122
500
246
626
636
432
326
494
202
516
148
32
218
508
190
326
858
40
336
68
502
280
520
462
98
630
314
350
274
680
86
428
746
862
454
948
230
288
318
828
202
50
42
546
930
184
586
792
434
14
1000
690
820
936
350
294
736
686
660
212
630
294
538
396
678
152
804
84
60
604
684
236
382
302
682
412
30
220
132
334
720
146
962
116
22
990
346
788
436
72
516
270
820
688
892
626
656
42
550
314
726
98
572
44
246
192
1000
478
26
322
962
618
260
120
916
284
548
60
160
318
614
76
6
642
160
230
572
886
132
224
978
98
358
722
230
784
316
260
106
430
10
160
818
808
688
642
1000
560
492
960
456
554
626
566
940
380
756
168
984
240
726
986
756
518
36
214
530
644
508
514
60
854
84
4
146
98
44
636
816
672
232
868
988
750
162
240
752
840
468
300
184
46
680
124
238
798
976
638
232
978
836
716
38
292
730
374
220
636
976
810
182
288
794
710
634
148
14
836
302
840
226
872
238
208
752
946
592
266
792
482
364
772
12
582
504
354
626
572
512
242
826
184
412
696
286
890
470
618
586
916
698
866
558
622
410
508
964
360
912
244
76
956
748
792
228
458
206
170
232
484
410
464
26
914
40
818
658
420
772
828
808
218
64
266
490
388
52
6
224
718
936
1000
710
944
774
264
654
970
924
392
622
62
882
354
768
54
410
752
976
122
960
294
532
738
844
190
516
564
266
732
396
456
138
694
252
742
172
994
798
42
118
396
580
408
112
474
632
228
216
970
888
66
600
784
852
426
510
172
626
784
486
800
498
222
650
930
974
530
400
580
986
610
236
666
574
568
618
450
468
292
946
342
144
860
628
330
440
734
146
228
210
380
228
676
336
664
276
402
468
812
558
652
962
332
124
10
96
872
164
14
692
464
396
358
834
146
566
750
790
300
170
966
872
424
742
720
82
54
82
16
158
646
216
972
288
688
492
194
704
332
360
256
562
612
402
642
60
672
740
132
184
834
28
68
388
732
290
824
126
196
834
664
618
260
680
894
542
444
612
74
746
108
18
498
582
534
802
474
466
656
86
498
36
78
812
200
152
904
126
192
908
464
310
832
40
226
216
206
588
478
264
520
626
770
66
458
498
522
426
66
930
112
144
122
742
42
938
390
790
544
266
332
112
142
84
686
652
552
30
922
274
420
656
582
320
354
484
232
644
124
98
552
120
482
10
58
284
34
892
694
74
618
882
122
486
896
394
210
842
854
944
624
338
684
576
936
186
764
676
540
182
214
36
226
58
996
834
154
592
712
98
892
900
884
806
886
780
156
922
312
406
666
822
670
420
934
482
980
152
224
20
512
188
346
70
628
28
542
884
318
966
920
614
448
556
988
8
624
812
656
112
330
816
992
774
406
972
342
306
790
596
156
886
932
274
860
230
634
826
582
618
236
634
116
146
698
886
64
818
706
986
678
838
796
982
388
88
628
934
262
66
372
402
876
986
300
726
642
106
532
778
90
214
916
690
968
276
836
584
60
514
352
698
276
924
448
20
586
200
802
40
602
118
588
394
650
940
824
726
548
632
182
716
834
880
730
38
536
122
598
962
802
24
572
4
876
504
500
502
152
176
288
168
164
74
438
900
32
542
2
4
762
480
332
542
872
284
484
150
152
70
646
970
216
12
948
734
460
96
850
934
296
486
704
200
144
730
842
434
932
288
330
748
282
138
284
976
8
348
942
306
636
426
24
616
456
534
900
824
516
764
940
460
120
216
366
438
186
864
688
52
536
624
678
870
614
746
744
32
882
122
830
550
158
112
624
114
502
106
332
816
668
380
722
914
368
194
720
74
794
982
324
790
658
546
394
144
908
710
188
846
648
968
388
338
52
762
568
652
438
350
630
978
640
570
634
876
320
8
324
536
866
392
658
260
616
366
572
376
564
980
342
244
82
772
646
460
998
974
134
170
300
816
984
472
658
64
776
130
526
750
642
236
574
514
118
126
978
144
2
988
862
832
702
440
346
88
184
96
306
26
882
890
338
370
354
826
756
96
680
908
138
150
538
22
310
138
212
592
840
850
472
148
932
576
226
146
444
420
800
2
152
972
428
728
510
638
12
836
48
498
722
274
424
862
702
960
308
786
526
702
180
96
898
650
420
762
24
618
548
962
330
650
522
628
414
946
876
378
528
392
688
148
836
740
18
102
12
830
244
804
526
536
218
748
544
598
892
616
640
716
694
606
788
508
100
812
688
98
824
808
780
258
954
848
62
646
382
814
934
648
908
848
98
980
258
762
790
514
732
428
12
712
150
150
332
918
340
836
346
40
904
920
900
6
114
850
114
306
70
542
458
472
136
32
940
484
828
520
644
382
396
304
508
954
744
360
918
62
432
210
454
56
938
232
414
278
764
250
702
776
236
620
512
662
516
280
606
128
574
176
322
748
928
28
806
170
666
534
530
522
842
458
138
892
128
414
950
432
108
156
112
762
150
686
802
990
880
274
518
58
410
754
276
644
416
102
698
60
876
118
604
616
814
718
400
718
78
912
356
838
858
442
780
840
540
880
496
102
844
488
368
700
846
870
980
520
498
628
978
562
96
484
352
836
138
216
356
852
872
644
450
614
348
518
790
830
926
268
754
136
28
586
176
744
22
350
316
226
548
398
318
528
444
80
608
282
574
40
976
142
846
676
302
324
948
462
238
936
946
806
68
408
758
318
206
128
160
734
422
140
970
482
664
694
818
278
966
774
814
548
556
516
186
474
202
528
482
352
782
402
4
648
978
422
22
630
238
392
104
896
584
486
542
2
652
344
370
582
764
698
16
296
564
416
722
52
360
886
514
640
932
270
20
318
528
604
962
790
2
118
190
716
230
570
348
794
650
220
726
598
608
536
724
650
420
250
62
442
926
184
418
182
394
612
286
734
884
174
954
628
928
824
56
432
40
920
84
420
736
448
856
690
386
794
104
312
680
212
224
680
536
12
780
244
262
130
190
464
626
880
356
206
158
72
164
866
162
868
604
366
896
10
848
678
120
614
502
778
882
520
24
152
582
116
296
20
230
102
48
834
204
548
504
690
726
196
190
522
520
776
748
482
680
190
760
116
310
838
180
804
930
158
622
432
894
208
970
866
224
962
952
892
330
810
572
886
770
100
196
754
782
284
266
552
424
772
334
598
108
104
692
678
870
140
284
386
138
976
776
532
392
12
70
860
314
470
36
938
80
626
862
576
534
812
718
186
734
60
726
830
110
622
386
854
274
804
980
680
574
804
476
302
142
8
162
340
298
930
996
176
204
162
102
598
746
318
526
266
414
540
626
438
502
990
776
356
408
738
804
260
658
614
956
516
876
552
386
690
804
928
932
170
70
106
82
226
632
928
900
330
110
786
298
236
512
274
458
696
964
778
850
740
198
44
692
710
532
170
512
82
842
598
254
72
110
796
36
728
826
166
822
84
250
944
254
854
872
788
738
22
336
904
502
580
768
152
712
372
824
820
536
34
970
704
994
496
968
400
752
942
90
574
630
922
94
556
240
776
530
652
142
824
330
746
386
250
994
782
924
984
110
304
732
440
438
906
94
664
326
728
154
178
602
160
744
386
700
684
766
776
712
582
194
136
490
28
720
162
58
996
138
238
154
742
368
122
692
604
622
862
714
494
418
1000
408
570
896
948
566
112
954
476
484
656
184
320
792
542
372
614
814
584
214
208
34
284
564
204
284
98
148
818
680
790
446
132
548
36
80
8
512
984
312
490
318
782
732
862
160
54
962
44
456
498
40
844
76
422
830
360
760
726
692
762
796
754
224
874
128
338
984
216
216
318
584
536
10
786
542
172
130
320
756
704
284
580
548
662
690
926
516
526
48
670
156
324
670
22
170
974
96
18
992
932
268
708
264
86
652
982
978
460
324
1000
188
142
884
898
662
790
392
1000
708
796
164
106
138
302
178
402
514
218
658
912
400
90
408
430
286
690
906
690
388
568
834
662
400
88
458
606
326
840
206
540
332
136
248
288
260
602
216
730
400
44
614
94
950
394
410
94
474
324
452
406
12
566
858
210
626
328
12
76
682
492
508
660
146
600
126
522
2
606
662
390
146
742
432
36
248
804
652
352
820
278
942
390
96
140
732
516
456
324
650
378
12
360
822
10
992
912
238
744
222
358
310
460
130
170
342
310
380
916
492
638
282
504
958
58
860
530
10
72
300
346
928
718
74
394
856
596
882
778
700
20
710
670
804
30
472
796
540
640
208
270
926
386
278
444
226
642
526
936
772
854
862
576
656
940
688
44
852
526
624
32
68
846
586
214
142
140
812
808
680
564
634
498
792
130
960
588
588
648
22
110
734
92
916
840
468
312
378
904
672
32
934
392
782
820
138
996
274
814
8
958
438
922
632
546
742
368
1000
240
450
880
936
250
58
972
732
186
682
652
472
676
112
38
502
736
6
946
864
732
826
202
646
628
956
656
366
766
762
568
988
656
912
124
904
136
296
560
12
62
388
698
730
358
244
122
50
910
44
672
472
350
478
708
810
920
362
458
512
26
66
174
616
506
524
398
72
912
974
24
822
934
10
556
874
206
442
172
766
630
436
970
304
440
482
826
990
840
792
590
124
848
82
918
542
920
356
6
306
258
608
566
240
290
720
212
796
786
120
604
262
132
936
438
848
158
678
162
434
984
474
772
738
618
172
964
148
532
682
746
764
28
910
418
158
136
46
888
102
374
940
696
998
420
844
6
88
448
452
866
328
210
120
980
404
708
488
120
230
210
850
628
698
554
480
244
992
984
894
406
312
646
832
528
840
156
682
890
80
184
244
624
310
884
544
506
246
20
44
140
184
114
966
380
350
936
476
410
364
648
258
92
338
754
256
104
364
408
210
786
74
758
972
610
112
94
134
1000
972
528
764
554
64
988
912
426
540
634
500
400
454
62
348
894
44
402
168
908
10
238
856
22
972
648
78
122
176
374
4
606
916
390
448
256
70
836
196
462
592
562
532
76
814
282
658
686
990
826
444
272
552
306
542
850
262
798
814
884
512
960
316
414
802
182
936
382
980
360
688
98
314
464
44
592
240
836
418
608
992
954
400
860
494
614
584
438
586
610
10
884
738
764
70
458
528
814
692
716
514
252
440
710
818
104
774
338
378
710
236
792
498
646
844
920
204
296
444
176
402
382
116
240
582
796
184
826
852
424
694
214
228
274
100
570
642
424
808
522
744
954
808
486
354
696
250
808
866
352
448
70
426
916
468
310
938
952
780
406
700
372
154
366
594
384
240
680
88
174
422
412
662
512
816
104
886
240
298
924
136
4
170
68
302
416
722
846
422
114
916
450
2
858
310
404
504
898
308
936
518
216
78
824
302
20
916
856
362
158
982
966
650
340
262
96
850
440
800
856
852
202
216
988
860
786
418
134
94
420
292
824
922
614
764
170
384
876
166
960
80
262
274
334
750
900
528
358
538
216
76
458
824
250
468
60
848
386
488
506
436
1000
868
492
612
242
200
158
646
100
268
688
530
254
566
714
888
320
316
994
384
244
524
860
342
194
726
208
954
958
888
148
776
820
582
532
378
714
44
766
168
464
830
730
910
752
422
504
120
858
284
216
428
988
122
202
264
32
844
758
978
178
694
556
580
264
302
672
146
158
196
130
798
926
32
688
438
716
812
358
954
108
854
622
680
710
142
588
84
516
296
946
168
376
256
682
648
114
148
528
858
376
404
210
436
666
156
886
394
900
768
64
434
290
782
422
170
702
404
536
836
954
968
378
890
482
204
402
64
524
996
564
754
1000
974
334
764
224
516
674
252
154
488
510
164
474
832
390
152
700
878
164
988
218
922
612
236
442
668
738
952
356
240
370
554
26
936
884
678
702
810
880
928
902
510
814
174
8
202
270
968
640
834
82
712
464
344
802
312
408
632
534
342
700
114
474
90
342
940
450
434
284
758
476
170
142
904
704
222
680
216
642
800
190
992
602
280
634
554
572
328
996
662
180
482
582
654
142
970
440
272
574
898
398
784
924
258
316
82
388
740
316
782
716
28
510
950
174
782
824
280
644
54
614
884
90
450
946
